0.0	0.623	0.198	0.997	0.766	0.772	0.606	0.782	0.714	0.539	0.682	0.851	0.504	0.475	0.857	0.693	0.977	0.932	0.738	0.622	0.355	0.761	0.77	0.895	0.986	0.906	0.962	0.95	0.761	0.198	0.706	0.453	0.03	0.958	0.332	0.986	0.198	0.999	0.975	0.188	0.198	0.498	0.5	0.714	0.667	0.536	0.901	0.706	0.643	0.676	0.942	0.993	0.989	0.964	0.784	0.553	0.643	0.784	0.624	0.198	0.198	0.102	0.901	0.78	0.198	0.291	0.784	0.946	0.102	1.0	0.198	0.961	0.102	0.128	0.351	0.769	0.848	0.942	0.784	0.948	0.942	0.942	0.198	0.784	0.876	0.412	0.198	0.198	0.634	0.608	0.198	0.986	0.942	0.498	0.412	0.964	0.198	0.904	0.904	0.961	0.965	0.848	0.452	0.965	0.805	0.634	0.971	0.942	0.198	0.498	0.102	0.876	0.291	0.102	0.986	0.608	0.634	0.412	0.676	0.412	1.0	0.198	0.784	0.769	0.942	0.03	0.784	0.942	0.5	0.128	0.128	0.976	0.03	0.784	0.784	0.128	0.198	0.198	0.198	0.198	0.942	0.784	0.769	0.498	0.128	0.198	0.994	0.946	0.784	0.942	0.942	0.198	0.198	0.198	0.198	0.942	0.045	0.198	0.498	0.226	0.784	0.128	0.784	0.198	0.608	0.769	0.946	0.942	0.198	0.412	0.198	0.608	0.784	0.942	0.102	0.784	0.198	0.128	0.128	0.045	0.102	0.876	0.198	0.989	0.876	0.128	0.538	0.946	0.948	0.198	0.876	0.412	0.942	0.412	0.942	0.784	0.198	0.128	0.784	0.128	0.942	0.102	0.942	0.608	0.198	0.986	0.198	0.128	0.986	0.942	0.198	0.198	0.608	0.128	0.198	0.128	0.128	0.198	0.198	0.198	0.986	0.198	0.942	0.198	0.198	0.045	0.942	0.128	0.198	0.198	0.128	0.198	0.198	0.608	0.198	0.198	0.128	0.198	0.986	0.198	0.942	0.942	0.198	0.198	0.942	0.128	0.198	0.128	0.198	0.198	0.942	0.942	0.198	0.942	0.198	0.128	0.198	0.198	0.198	0.198	0.942	0.198	0.128	0.942	0.198	0.198	0.198	0.942	0.942	0.942	0.942	0.198	0.942	0.198	0.942	0.942	0.942	0.198	0.942	0.198
0.623	0.0	0.173	0.814	0.853	0.963	0.77	0.925	0.915	0.364	0.965	0.895	0.921	0.828	0.97	0.836	0.886	0.504	0.861	0.889	0.664	0.742	0.914	0.302	0.994	0.91	0.925	0.781	0.742	0.173	0.717	0.717	0.465	0.975	0.414	0.614	0.926	0.978	0.181	0.623	0.926	0.669	0.992	0.777	0.952	0.429	0.938	0.483	0.781	0.93	0.926	0.347	0.243	0.465	0.982	0.651	0.523	0.614	0.701	0.173	0.173	0.043	0.992	0.852	0.173	0.716	0.086	0.874	0.367	0.98	0.926	0.043	0.367	0.614	0.983	0.845	0.817	0.926	0.614	0.716	0.173	0.926	0.173	0.614	0.243	0.124	0.926	0.173	0.972	0.874	0.173	0.614	0.173	0.243	0.124	0.465	0.173	0.686	0.269	0.187	0.302	0.817	0.991	0.717	0.543	0.259	0.686	0.173	0.926	0.243	0.367	0.928	0.93	0.874	0.614	0.874	0.835	0.465	0.376	1.0	0.376	0.926	0.614	0.124	0.173	0.716	0.614	0.926	0.742	0.982	0.614	0.983	0.93	0.982	0.086	0.614	0.173	0.926	0.173	0.173	0.173	0.086	0.465	0.669	0.614	0.926	0.988	0.043	0.982	0.173	0.173	0.926	0.173	0.926	0.926	0.173	0.019	0.173	0.669	0.972	0.614	0.614	0.614	0.173	0.874	0.978	0.874	0.173	0.173	0.465	0.926	0.043	0.614	0.173	0.989	0.982	0.926	0.982	0.614	0.669	0.874	0.669	0.173	0.243	0.928	0.614	0.805	0.043	0.119	0.926	0.928	0.465	0.173	0.845	0.173	0.614	0.173	0.982	0.982	0.614	0.173	0.367	0.173	0.874	0.173	0.614	0.173	0.614	0.086	0.173	0.926	0.926	0.043	0.086	0.926	0.982	0.086	0.926	0.173	0.926	0.614	0.926	0.173	0.173	0.926	0.669	0.926	0.086	0.926	0.173	0.982	0.173	0.926	0.367	0.926	0.926	0.982	0.926	0.086	0.926	0.926	0.926	0.926	0.173	0.926	0.614	0.926	0.614	0.173	0.926	0.173	0.173	0.173	0.926	0.926	0.614	0.173	0.173	0.173	0.173	0.926	0.926	0.614	0.926	0.173	0.173	0.173	0.173	0.173	0.926	0.926	0.173	0.173	0.926	0.173	0.926	0.926	0.173	0.926	0.173
0.198	0.173	0.0	0.15	0.608	0.752	0.091	0.207	0.174	0.728	0.076	0.037	0.794	0.078	0.065	0.757	0.076	0.232	0.139	0.88	0.209	0.232	0.11	0.2	0.15	0.851	0.897	0.21	0.942	0.406	0.2	0.928	0.292	0.192	0.263	0.394	0.406	0.292	0.18	0.198	0.406	0.337	0.232	0.174	0.165	0.27	0.198	0.948	0.21	0.283	0.406	0.181	0.337	0.292	0.394	0.134	0.21	0.394	0.263	0.406	0.406	0.982	0.942	0.255	0.406	0.283	0.394	0.343	0.343	0.082	0.406	0.96	0.343	0.394	0.213	0.292	0.192	0.406	0.394	0.283	0.406	0.406	0.406	0.394	0.337	0.292	0.406	0.406	0.283	0.343	0.992	0.394	0.406	0.968	0.292	0.292	0.406	0.19	0.19	0.263	0.928	0.925	0.255	0.2	0.96	0.283	0.923	0.406	0.406	0.337	0.343	0.337	0.283	0.343	0.394	0.343	0.283	0.292	0.283	0.292	0.283	0.406	0.394	0.292	0.406	0.283	0.394	0.406	0.232	0.394	0.394	0.948	0.283	0.394	0.394	0.394	0.406	0.406	0.406	0.406	0.406	0.394	0.971	0.337	0.394	0.406	0.283	0.343	0.394	0.406	0.406	0.406	0.406	0.406	0.406	0.406	0.337	0.406	0.337	0.283	0.394	0.394	0.394	0.406	0.343	0.292	0.343	0.406	0.406	0.292	0.406	0.343	0.394	0.406	0.343	0.394	0.406	0.394	0.394	0.337	0.343	0.337	0.406	0.337	0.337	0.394	0.25	0.343	0.283	0.406	0.337	0.292	0.406	0.292	0.406	0.986	0.406	0.394	0.394	0.394	0.406	0.343	0.406	0.343	0.406	0.394	0.406	0.394	0.394	0.406	0.406	0.406	0.343	0.394	0.406	0.394	0.394	0.406	0.406	0.406	0.394	0.406	0.406	0.406	0.406	0.337	0.406	0.394	0.406	0.406	0.394	0.406	0.406	0.343	0.406	0.406	0.394	0.406	0.394	0.406	0.406	0.406	0.406	0.406	0.406	0.394	0.406	0.394	0.406	0.406	0.406	0.406	0.406	0.406	0.406	0.394	0.992	0.406	0.406	0.406	0.406	0.406	0.986	0.406	0.406	0.406	0.406	0.406	0.406	0.406	0.406	0.406	0.406	0.406	0.406	0.406	0.406	0.406	0.406	0.406
0.997	0.814	0.15	0.0	0.865	0.858	0.992	0.893	0.805	0.546	0.978	0.292	0.892	0.988	0.988	0.939	0.926	0.997	0.75	0.99	0.942	0.519	0.648	0.916	0.705	0.186	0.788	0.741	0.519	0.15	0.791	0.375	0.365	0.294	0.407	0.955	0.15	0.365	0.946	0.617	0.895	0.156	0.692	0.805	0.453	0.236	0.821	0.099	0.463	0.568	0.895	0.955	0.547	0.727	0.539	0.938	0.463	0.539	0.89	0.895	0.15	0.022	0.821	0.448	0.15	0.857	0.539	0.773	0.295	0.994	0.15	0.407	0.773	0.539	0.319	0.727	0.95	0.15	0.539	0.857	0.895	0.15	0.15	0.955	0.906	0.365	0.15	0.15	0.721	0.773	0.15	0.955	0.895	0.156	0.365	0.727	0.15	0.532	0.868	0.972	0.997	0.506	0.914	0.988	0.608	0.721	0.987	0.15	0.895	0.547	0.295	0.547	0.568	0.295	0.955	0.295	0.928	0.727	0.857	0.071	0.967	0.15	0.539	0.727	0.15	0.568	0.955	0.895	0.241	0.955	0.039	0.319	0.857	0.539	0.539	0.039	0.895	0.15	0.15	0.15	0.895	0.039	0.365	0.983	0.539	0.895	0.967	0.982	0.539	0.895	0.895	0.15	0.15	0.15	0.15	0.895	0.156	0.895	0.547	0.112	0.955	0.539	0.539	0.15	0.982	0.071	0.773	0.895	0.895	0.365	0.15	0.773	0.039	0.895	0.295	0.955	0.15	0.039	0.539	0.906	0.295	0.547	0.15	0.983	0.547	0.539	0.79	0.295	0.568	0.15	0.906	0.727	0.895	0.727	0.895	0.539	0.15	0.539	0.539	0.539	0.15	0.295	0.895	0.982	0.895	0.539	0.15	0.039	0.955	0.895	0.895	0.15	0.295	0.039	0.15	0.539	0.955	0.15	0.15	0.895	0.955	0.15	0.895	0.15	0.15	0.906	0.15	0.039	0.895	0.895	0.539	0.895	0.895	0.773	0.895	0.15	0.955	0.15	0.955	0.15	0.895	0.895	0.15	0.15	0.15	0.539	0.895	0.955	0.895	0.895	0.895	0.895	0.895	0.895	0.895	0.539	0.15	0.15	0.895	0.15	0.895	0.895	0.539	0.15	0.895	0.15	0.15	0.15	0.895	0.895	0.895	0.15	0.895	0.15	0.895	0.895	0.895	0.15	0.15	0.15
0.766	0.853	0.608	0.865	0.0	0.949	0.922	0.823	0.825	0.959	0.193	0.26	0.949	0.187	0.223	0.945	0.193	0.774	0.879	0.855	0.784	0.774	0.887	0.094	0.865	0.937	0.828	0.784	0.774	0.608	0.803	0.803	0.688	0.813	0.06	0.636	0.608	0.688	0.865	0.766	0.608	0.649	0.774	0.825	0.869	0.711	0.766	0.722	0.784	0.732	0.608	0.841	0.649	0.688	0.636	0.139	0.784	0.636	0.742	0.608	0.608	0.025	0.766	0.715	0.608	0.732	0.636	0.649	0.649	0.914	0.608	0.742	0.649	0.636	0.722	0.688	0.813	0.608	0.636	0.732	0.608	0.608	0.608	0.636	0.649	0.688	0.608	0.608	0.727	0.649	0.608	0.636	0.608	0.649	0.688	0.688	0.608	0.095	0.834	0.742	0.803	0.813	0.715	0.803	0.757	0.727	0.834	0.608	0.608	0.649	0.649	0.649	0.732	0.649	0.636	0.649	0.727	0.688	0.732	0.688	0.732	0.608	0.636	0.688	0.608	0.732	0.636	0.608	0.774	0.636	0.636	0.722	0.732	0.636	0.636	0.636	0.608	0.608	0.608	0.608	0.608	0.636	0.688	0.649	0.636	0.608	0.732	0.649	0.636	0.608	0.608	0.608	0.608	0.608	0.608	0.608	0.649	0.608	0.649	0.727	0.636	0.636	0.636	0.608	0.649	0.688	0.649	0.608	0.608	0.688	0.608	0.649	0.636	0.608	0.649	0.636	0.608	0.636	0.636	0.649	0.649	0.649	0.608	0.649	0.649	0.636	0.757	0.649	0.732	0.608	0.649	0.688	0.608	0.688	0.608	0.636	0.608	0.636	0.636	0.636	0.608	0.649	0.608	0.649	0.608	0.636	0.608	0.636	0.636	0.608	0.608	0.608	0.649	0.007	0.608	0.636	0.636	0.608	0.608	0.608	0.636	0.608	0.608	0.608	0.608	0.649	0.608	0.636	0.608	0.608	0.636	0.608	0.608	0.649	0.608	0.608	0.636	0.608	0.636	0.608	0.608	0.608	0.608	0.608	0.608	0.636	0.608	0.636	0.608	0.608	0.608	0.608	0.608	0.608	0.608	0.636	0.608	0.608	0.608	0.608	0.608	0.608	0.636	0.608	0.608	0.608	0.608	0.608	0.608	0.608	0.608	0.608	0.608	0.608	0.608	0.608	0.608	0.608	0.608	0.608
0.772	0.963	0.752	0.858	0.949	0.0	0.932	1.0	0.955	0.965	0.055	0.84	0.616	0.872	0.756	0.993	0.732	0.923	0.9	0.577	0.972	0.407	1.0	0.974	0.958	0.959	0.92	0.951	0.923	0.752	0.879	0.641	0.537	0.899	0.078	0.859	0.752	0.537	0.979	0.175	0.752	0.943	0.997	0.955	0.995	0.758	1.0	0.868	0.499	0.648	0.752	0.966	0.943	0.537	0.859	0.131	0.765	0.859	0.609	0.752	0.06	0.373	0.931	0.444	0.752	0.949	0.859	0.894	0.894	0.913	0.752	0.985	0.894	0.203	0.868	0.959	1.0	0.752	0.203	0.648	0.752	0.752	0.752	0.859	0.943	0.167	0.752	0.06	0.958	0.894	0.752	0.859	0.752	0.492	0.167	0.959	0.752	0.787	0.989	0.985	0.641	0.987	0.773	0.879	0.292	0.693	0.945	0.752	0.752	0.492	0.373	0.943	0.949	0.373	0.859	0.894	0.958	0.959	0.949	0.959	0.648	0.752	0.859	0.537	0.06	0.648	0.859	0.752	0.997	0.859	0.203	0.868	0.949	0.859	0.203	0.859	0.752	0.752	0.752	0.752	0.752	0.203	0.959	0.943	0.859	0.752	0.949	0.373	0.859	0.752	0.752	0.752	0.752	0.752	0.752	0.752	0.943	0.06	0.492	0.958	0.859	0.859	0.859	0.752	0.373	0.537	0.373	0.752	0.752	0.959	0.752	0.373	0.203	0.752	0.894	0.203	0.752	0.859	0.859	0.943	0.894	0.943	0.752	0.943	0.943	0.859	0.292	0.053	0.648	0.752	0.492	0.959	0.752	0.167	0.752	0.859	0.06	0.859	0.859	0.203	0.06	0.894	0.752	0.373	0.06	0.859	0.06	0.859	0.859	0.752	0.752	0.752	0.373	0.007	0.752	0.859	0.203	0.752	0.06	0.752	0.859	0.752	0.752	0.752	0.752	0.943	0.752	0.203	0.752	0.752	0.859	0.752	0.752	0.373	0.752	0.752	0.859	0.752	0.859	0.752	0.752	0.752	0.752	0.752	0.752	0.859	0.752	0.859	0.752	0.752	0.752	0.752	0.752	0.752	0.752	0.859	0.752	0.752	0.06	0.752	0.752	0.752	0.859	0.752	0.752	0.752	0.752	0.752	0.752	0.752	0.752	0.752	0.752	0.752	0.752	0.752	0.752	0.752	0.752	0.752
0.606	0.77	0.091	0.992	0.922	0.932	0.0	0.551	0.945	0.828	0.932	0.264	0.477	0.848	0.931	0.676	0.807	1.0	0.999	0.496	0.97	0.768	0.978	0.623	0.698	0.591	0.757	0.69	0.768	0.789	0.99	0.946	0.768	0.968	0.85	0.314	0.789	0.335	0.429	0.824	0.091	0.669	0.768	0.945	0.633	1.0	0.948	0.508	0.971	0.187	0.789	0.962	0.972	0.768	0.314	0.916	0.023	0.877	0.619	0.789	0.789	0.004	0.824	0.943	0.789	0.988	0.877	0.957	0.497	0.864	0.789	0.346	0.957	0.877	0.834	0.768	0.721	0.789	0.877	0.988	0.789	0.789	0.789	0.877	0.669	0.768	0.789	0.789	0.986	0.497	0.091	0.877	0.789	0.669	0.092	0.978	0.789	0.985	0.808	0.976	0.999	0.721	1.0	0.623	0.68	0.57	0.914	0.789	0.789	0.669	0.497	0.669	0.501	0.497	0.314	0.957	0.57	0.978	0.187	0.768	0.187	0.789	0.877	0.768	0.091	0.501	0.877	0.091	0.981	0.877	0.019	0.508	0.988	0.877	0.314	0.314	0.789	0.789	0.789	0.789	0.789	0.019	0.335	0.972	0.877	0.789	0.848	0.957	0.877	0.789	0.789	0.789	0.091	0.789	0.789	0.789	0.03	0.789	0.669	0.887	0.877	0.877	0.877	0.091	0.957	0.768	0.123	0.789	0.789	0.978	0.789	0.497	0.877	0.789	0.957	0.314	0.789	0.314	0.877	0.972	0.497	0.972	0.091	0.972	0.206	0.877	0.91	0.497	0.501	0.789	0.669	0.768	0.789	0.335	0.789	0.314	0.091	0.877	0.877	0.877	0.091	0.497	0.789	0.497	0.789	0.877	0.789	0.877	0.877	0.789	0.789	0.789	0.957	0.019	0.789	0.877	0.877	0.789	0.091	0.091	0.877	0.789	0.789	0.789	0.789	0.669	0.789	0.877	0.789	0.789	0.877	0.789	0.091	0.957	0.789	0.789	0.877	0.789	0.877	0.789	0.091	0.789	0.789	0.091	0.789	0.314	0.091	0.877	0.789	0.789	0.789	0.789	0.789	0.789	0.789	0.314	0.091	0.789	0.789	0.091	0.789	0.789	0.314	0.789	0.789	0.789	0.789	0.789	0.789	0.789	0.789	0.091	0.789	0.789	0.789	0.789	0.789	0.789	0.789	0.789
0.782	0.925	0.207	0.893	0.823	1.0	0.551	0.0	0.991	0.988	0.71	0.988	0.982	0.975	0.943	0.962	0.71	0.936	0.911	0.866	0.639	0.356	0.916	0.99	0.965	0.527	0.853	0.99	0.828	0.207	0.534	0.534	0.716	0.998	0.457	0.137	0.927	0.716	0.901	0.506	0.207	0.986	1.0	0.943	0.892	0.388	0.931	0.54	0.467	0.576	0.927	0.387	0.826	0.958	0.713	0.225	0.736	0.137	0.457	0.207	0.207	0.54	0.973	0.967	0.207	0.229	0.713	0.54	0.54	0.94	0.207	0.922	0.054	0.137	0.931	0.3	0.998	0.927	0.713	0.576	0.927	0.927	0.207	0.137	0.428	0.716	0.207	0.207	0.96	0.917	0.207	0.713	0.207	0.024	0.3	0.716	0.207	0.97	0.894	0.977	0.897	0.661	0.612	0.741	0.868	0.446	0.779	0.207	0.927	0.826	0.917	0.428	0.888	0.54	0.713	0.54	0.96	0.3	0.576	0.958	0.888	0.207	0.137	0.716	0.207	0.013	0.713	0.207	0.11	0.982	0.713	0.931	0.576	0.982	0.137	0.982	0.207	0.207	0.207	0.207	0.207	0.137	0.716	0.024	0.137	0.927	0.888	0.054	0.982	0.927	0.207	0.207	0.927	0.927	0.927	0.207	0.986	0.207	0.826	0.989	0.137	0.137	0.137	0.207	0.917	0.716	0.054	0.927	0.207	0.716	0.207	0.54	0.713	0.207	0.917	0.137	0.207	0.137	0.713	0.428	0.54	0.826	0.927	0.826	0.826	0.137	0.654	0.54	0.888	0.927	0.428	0.958	0.207	0.3	0.207	0.137	0.207	0.713	0.982	0.713	0.207	0.54	0.927	0.54	0.207	0.713	0.207	0.137	0.713	0.927	0.927	0.927	0.54	0.137	0.207	0.713	0.713	0.927	0.207	0.207	0.713	0.927	0.207	0.207	0.207	0.826	0.927	0.137	0.207	0.207	0.713	0.927	0.207	0.054	0.207	0.207	0.713	0.927	0.713	0.927	0.207	0.207	0.207	0.207	0.927	0.713	0.207	0.982	0.207	0.927	0.207	0.927	0.927	0.207	0.927	0.713	0.207	0.207	0.207	0.927	0.927	0.207	0.713	0.927	0.207	0.207	0.207	0.207	0.207	0.927	0.207	0.927	0.927	0.207	0.927	0.207	0.207	0.207	0.927	0.207
0.714	0.915	0.174	0.805	0.825	0.955	0.945	0.991	0.0	0.976	0.925	0.833	0.973	0.98	0.924	0.929	0.584	1.0	0.979	0.99	0.779	0.602	0.786	0.929	0.473	0.139	0.921	0.651	0.936	0.174	0.836	0.987	0.563	0.924	0.247	0.693	0.904	0.563	0.74	0.958	0.174	0.713	0.936	0.763	0.879	0.787	1.0	0.328	0.651	0.135	0.904	0.982	0.959	0.563	0.096	0.702	0.651	0.693	0.76	0.174	0.174	0.033	0.878	0.903	0.174	0.766	0.096	0.849	0.42	0.499	0.174	0.76	0.42	0.693	0.836	0.563	0.726	0.904	0.976	0.766	0.904	0.904	0.174	0.693	0.959	0.563	0.174	0.174	0.634	0.849	0.174	0.976	0.174	0.284	0.563	0.563	0.174	0.907	0.597	0.488	0.836	0.924	0.731	0.076	0.192	0.634	0.203	0.174	0.174	0.713	0.42	0.013	0.766	0.849	0.693	0.42	0.89	0.563	0.397	0.985	0.135	0.174	0.096	0.864	0.174	0.766	0.976	0.174	0.34	0.976	0.693	0.958	0.766	0.693	0.096	0.976	0.174	0.174	0.904	0.904	0.174	0.096	0.864	0.284	0.096	0.174	0.942	0.42	0.976	0.174	0.904	0.174	0.904	0.904	0.904	0.904	0.284	0.174	0.959	0.89	0.693	0.693	0.693	0.904	0.993	0.985	0.849	0.904	0.904	0.563	0.174	0.033	0.693	0.904	0.849	0.096	0.174	0.693	0.693	0.713	0.033	0.713	0.904	0.996	0.713	0.693	0.632	0.033	0.766	0.904	0.713	0.864	0.904	0.864	0.904	0.693	0.174	0.976	0.976	0.693	0.174	0.42	0.174	0.849	0.174	0.693	0.174	0.096	0.976	0.174	0.904	0.904	0.033	0.096	0.174	0.693	0.693	0.904	0.174	0.174	0.976	0.904	0.174	0.174	0.904	0.713	0.904	0.096	0.904	0.904	0.693	0.904	0.174	0.42	0.174	0.174	0.096	0.904	0.976	0.904	0.174	0.904	0.174	0.904	0.904	0.976	0.174	0.976	0.904	0.174	0.904	0.904	0.904	0.904	0.174	0.096	0.174	0.174	0.174	0.174	0.904	0.904	0.096	0.904	0.174	0.904	0.904	0.174	0.904	0.904	0.904	0.174	0.174	0.904	0.174	0.904	0.904	0.174	0.904	0.904
0.539	0.364	0.728	0.546	0.959	0.965	0.828	0.988	0.976	0.0	0.433	0.686	0.471	0.875	0.364	0.98	0.75	0.998	0.615	0.904	0.992	0.821	0.934	0.718	0.96	0.736	1.0	1.0	0.998	0.728	0.718	0.718	0.915	0.953	0.417	0.15	0.728	0.467	0.977	0.539	0.728	0.922	0.998	0.833	0.996	0.974	0.851	0.967	0.865	0.505	0.728	0.979	0.922	0.915	0.854	0.731	0.608	0.854	0.029	0.037	0.728	0.281	0.539	0.976	0.728	0.505	0.854	0.87	0.87	0.48	0.728	0.975	0.281	0.854	0.309	0.915	0.732	0.728	0.854	0.935	0.728	0.728	0.728	0.854	0.922	0.915	0.728	0.037	0.546	0.87	0.728	0.854	0.728	0.922	0.467	0.915	0.728	0.802	0.802	0.975	0.936	0.997	0.689	0.936	0.81	0.946	0.961	0.728	0.728	0.922	0.87	0.922	0.505	0.281	0.15	0.87	0.546	0.915	0.935	0.915	0.505	0.728	0.854	0.915	0.728	0.505	0.854	0.037	0.178	0.854	0.854	0.743	0.14	0.854	0.854	0.854	0.728	0.728	0.728	0.037	0.728	0.854	0.915	0.922	0.15	0.728	0.505	0.87	0.854	0.728	0.728	0.728	0.728	0.728	0.728	0.728	0.922	0.728	0.922	0.946	0.15	0.854	0.854	0.728	0.87	0.915	0.281	0.728	0.728	0.467	0.728	0.87	0.854	0.728	0.87	0.004	0.728	0.854	0.854	0.386	0.281	0.922	0.728	0.922	0.922	0.854	0.81	0.281	0.935	0.728	0.386	0.915	0.728	0.915	0.728	0.854	0.728	0.854	0.854	0.854	0.728	0.87	0.728	0.281	0.728	0.854	0.037	0.854	0.854	0.728	0.728	0.728	0.87	0.15	0.728	0.854	0.854	0.728	0.728	0.728	0.854	0.728	0.728	0.728	0.728	0.922	0.728	0.854	0.728	0.728	0.854	0.728	0.728	0.87	0.728	0.037	0.854	0.728	0.854	0.728	0.037	0.728	0.037	0.728	0.728	0.854	0.728	0.854	0.728	0.728	0.728	0.728	0.728	0.728	0.728	0.854	0.728	0.728	0.728	0.728	0.728	0.728	0.854	0.728	0.728	0.728	0.037	0.728	0.728	0.728	0.728	0.728	0.728	0.728	0.728	0.728	0.728	0.728	0.728	0.728
0.682	0.965	0.076	0.978	0.193	0.055	0.932	0.71	0.925	0.433	0.0	0.433	0.632	0.886	0.703	0.561	0.46	0.95	0.644	0.528	0.61	0.95	0.465	0.72	0.865	0.381	0.146	0.933	0.052	0.076	0.465	0.89	0.979	0.93	0.718	0.916	0.797	0.832	0.616	0.081	0.076	0.676	0.824	0.183	0.786	0.973	0.475	0.36	0.757	0.221	0.797	0.619	0.265	0.112	0.916	0.92	0.933	0.916	0.989	0.797	0.797	0.112	0.475	0.52	0.076	0.221	0.017	0.572	0.939	0.582	0.797	0.177	0.572	0.916	0.36	0.832	0.072	0.076	0.325	0.99	0.797	0.076	0.076	0.916	0.265	0.832	0.797	0.797	0.917	0.572	0.076	0.916	0.797	0.265	0.445	0.832	0.797	0.553	0.553	0.45	0.72	0.2	0.52	0.465	0.487	0.917	0.288	0.076	0.076	0.265	0.572	0.676	0.99	0.939	0.916	0.112	0.645	0.979	0.043	0.832	0.853	0.797	0.325	0.832	0.797	0.529	0.916	0.797	0.617	0.916	0.325	0.64	0.853	0.017	0.017	0.916	0.797	0.797	0.076	0.076	0.076	0.916	0.445	0.99	0.325	0.797	0.853	0.572	0.325	0.076	0.797	0.797	0.797	0.797	0.797	0.797	0.265	0.797	0.676	0.645	0.916	0.325	0.017	0.076	0.939	0.832	0.939	0.797	0.797	0.832	0.797	0.572	0.325	0.797	0.939	0.325	0.797	0.916	0.916	0.265	0.112	0.265	0.797	0.99	0.676	0.916	0.301	0.572	0.529	0.797	0.99	0.832	0.797	0.445	0.797	0.325	0.076	0.325	0.916	0.916	0.797	0.939	0.076	0.939	0.797	0.325	0.797	0.325	0.916	0.076	0.797	0.797	0.112	0.325	0.797	0.916	0.916	0.797	0.076	0.076	0.916	0.797	0.076	0.797	0.076	0.265	0.076	0.325	0.797	0.797	0.916	0.797	0.076	0.939	0.797	0.797	0.916	0.797	0.916	0.797	0.797	0.797	0.797	0.076	0.076	0.916	0.076	0.916	0.797	0.797	0.797	0.797	0.797	0.797	0.797	0.325	0.076	0.076	0.797	0.076	0.797	0.797	0.325	0.076	0.797	0.076	0.076	0.076	0.797	0.797	0.797	0.076	0.076	0.076	0.076	0.797	0.797	0.076	0.076	0.076
0.851	0.895	0.037	0.292	0.26	0.84	0.264	0.988	0.833	0.686	0.433	0.0	0.955	0.619	0.935	0.582	0.75	0.494	0.615	0.681	0.326	0.821	0.984	0.718	0.96	0.151	0.922	0.865	0.494	0.728	0.16	0.718	0.915	0.953	0.975	0.854	0.728	0.915	0.429	0.539	0.728	0.922	0.998	0.833	0.933	0.974	0.982	0.743	0.865	0.935	0.728	0.878	0.922	0.915	0.854	0.509	1.0	0.854	0.975	0.728	0.037	0.281	0.539	0.689	0.037	0.14	0.854	0.87	0.281	0.79	0.728	0.786	0.281	0.854	0.967	0.915	0.732	0.728	0.854	0.935	0.728	0.728	0.728	0.15	0.922	0.467	0.728	0.728	0.546	0.87	0.037	0.854	0.728	0.386	0.467	0.467	0.728	0.961	0.802	0.975	0.412	0.732	0.689	0.936	0.159	0.546	0.802	0.728	0.728	0.386	0.281	0.386	0.505	0.87	0.854	0.87	0.946	0.915	0.935	0.915	0.935	0.728	0.854	0.915	0.728	0.14	0.854	0.728	0.178	0.854	0.854	0.743	0.14	0.854	0.854	0.854	0.037	0.728	0.728	0.037	0.728	0.854	0.467	0.049	0.854	0.728	0.505	0.87	0.854	0.728	0.728	0.728	0.728	0.728	0.728	0.728	0.922	0.037	0.386	0.946	0.854	0.15	0.854	0.728	0.87	0.915	0.281	0.728	0.037	0.915	0.728	0.281	0.854	0.728	0.87	0.15	0.728	0.854	0.854	0.386	0.87	0.922	0.728	0.386	0.922	0.15	0.461	0.87	0.935	0.728	0.386	0.467	0.728	0.915	0.728	0.15	0.728	0.854	0.854	0.854	0.728	0.87	0.728	0.87	0.728	0.854	0.728	0.15	0.854	0.728	0.728	0.728	0.87	0.854	0.728	0.854	0.15	0.728	0.728	0.728	0.854	0.728	0.728	0.728	0.728	0.922	0.728	0.15	0.728	0.037	0.854	0.728	0.728	0.87	0.037	0.728	0.15	0.728	0.854	0.728	0.728	0.728	0.728	0.728	0.728	0.854	0.728	0.854	0.037	0.728	0.728	0.728	0.728	0.728	0.728	0.15	0.037	0.037	0.037	0.728	0.728	0.728	0.15	0.728	0.037	0.728	0.037	0.728	0.728	0.728	0.728	0.728	0.728	0.728	0.728	0.728	0.728	0.728	0.728	0.728
0.504	0.921	0.794	0.892	0.949	0.616	0.477	0.982	0.973	0.471	0.632	0.955	0.0	0.936	0.74	0.644	0.632	0.944	0.791	0.961	0.851	0.45	0.928	0.902	0.98	0.146	0.621	0.828	0.45	0.794	0.094	0.902	0.169	0.781	0.617	0.864	0.794	0.609	0.353	0.504	0.794	0.948	0.716	0.698	0.722	0.408	0.504	0.085	0.828	0.968	0.794	0.695	0.948	0.609	0.864	0.288	0.593	0.864	0.985	0.794	0.039	0.357	0.763	0.848	0.794	0.067	0.864	0.878	0.357	0.39	0.794	0.91	0.878	0.864	0.879	0.976	0.991	0.794	0.864	0.968	0.794	0.794	0.039	0.231	0.948	0.609	0.794	0.794	0.708	0.878	0.794	0.864	0.039	0.497	0.976	0.169	0.794	0.174	0.832	0.985	0.734	0.991	0.99	0.191	0.394	0.087	0.832	0.039	0.794	0.497	0.878	0.109	0.701	0.878	0.864	0.357	0.979	0.609	0.067	0.609	0.3	0.039	0.864	0.609	0.039	0.701	0.864	0.794	0.071	0.864	0.864	0.549	0.3	0.864	0.864	0.864	0.039	0.794	0.794	0.039	0.794	0.231	0.976	0.109	0.864	0.794	0.701	0.878	0.864	0.794	0.794	0.794	0.794	0.794	0.794	0.794	0.497	0.794	0.948	0.708	0.864	0.004	0.231	0.794	0.878	0.976	0.878	0.794	0.794	0.609	0.794	0.878	0.864	0.794	0.878	0.864	0.039	0.864	0.864	0.948	0.878	0.948	0.794	0.948	0.948	0.231	1.0	0.357	0.3	0.794	0.948	0.609	0.794	0.976	0.794	0.864	0.794	0.231	0.864	0.864	0.039	0.878	0.794	0.878	0.794	0.231	0.794	0.864	0.864	0.794	0.794	0.794	0.878	0.231	0.039	0.864	0.864	0.794	0.794	0.794	0.864	0.794	0.794	0.794	0.039	0.497	0.794	0.004	0.794	0.794	0.864	0.794	0.794	0.878	0.039	0.794	0.231	0.794	0.864	0.794	0.794	0.794	0.794	0.794	0.794	0.864	0.794	0.864	0.794	0.794	0.794	0.794	0.794	0.794	0.794	0.231	0.794	0.794	0.794	0.794	0.794	0.794	0.864	0.794	0.039	0.794	0.039	0.039	0.794	0.794	0.794	0.794	0.794	0.039	0.794	0.794	0.794	0.039	0.794	0.794
0.475	0.828	0.078	0.988	0.187	0.872	0.848	0.975	0.98	0.875	0.886	0.619	0.936	0.0	0.887	0.967	0.886	0.977	0.824	0.701	0.961	0.915	0.803	1.0	0.48	0.858	0.32	0.935	0.662	0.078	0.73	0.897	0.305	0.917	0.972	0.908	0.83	0.305	0.493	0.898	0.83	0.964	0.915	0.88	0.987	0.889	0.475	0.187	0.792	0.799	0.83	0.773	0.167	0.732	0.908	0.967	0.505	0.908	0.798	0.078	0.83	0.469	0.475	0.904	0.83	0.404	0.262	0.94	0.469	0.638	0.83	0.563	0.94	0.908	0.431	0.972	0.989	0.078	0.262	0.984	0.83	0.078	0.078	0.262	0.606	0.972	0.83	0.078	0.472	0.94	0.078	0.908	0.83	0.167	0.732	0.732	0.83	0.701	0.228	0.972	0.232	0.564	0.904	0.73	0.143	0.835	0.996	0.078	0.83	0.964	0.94	0.167	0.799	0.469	0.908	0.94	0.982	0.305	0.799	0.305	0.799	0.078	0.908	0.972	0.078	0.111	0.908	0.83	0.662	0.908	0.262	0.051	0.799	0.262	0.908	0.908	0.83	0.83	0.078	0.83	0.83	0.262	0.305	0.167	0.908	0.83	0.404	0.94	0.262	0.83	0.83	0.83	0.83	0.83	0.83	0.83	0.167	0.83	0.606	0.835	0.262	0.908	0.908	0.83	0.94	0.305	0.469	0.83	0.83	0.305	0.83	0.94	0.262	0.83	0.94	0.262	0.078	0.908	0.908	0.964	0.94	0.606	0.83	0.964	0.964	0.262	0.581	0.092	0.404	0.83	0.606	0.732	0.83	0.732	0.83	0.262	0.83	0.908	0.908	0.908	0.078	0.469	0.83	0.94	0.83	0.262	0.078	0.908	0.908	0.83	0.83	0.83	0.469	0.908	0.078	0.908	0.908	0.83	0.83	0.83	0.908	0.83	0.83	0.83	0.83	0.606	0.078	0.262	0.83	0.83	0.908	0.83	0.83	0.94	0.078	0.83	0.262	0.83	0.908	0.83	0.83	0.83	0.83	0.83	0.078	0.908	0.83	0.908	0.83	0.83	0.83	0.83	0.83	0.83	0.83	0.262	0.078	0.83	0.83	0.83	0.83	0.83	0.262	0.078	0.83	0.078	0.83	0.078	0.83	0.83	0.83	0.83	0.83	0.83	0.83	0.83	0.83	0.078	0.078	0.078
0.857	0.97	0.065	0.988	0.223	0.756	0.931	0.943	0.924	0.364	0.703	0.935	0.74	0.887	0.0	0.559	0.703	0.555	0.937	0.889	0.477	0.856	0.98	0.858	0.947	0.175	0.923	0.899	0.966	0.065	0.858	0.317	0.684	0.68	0.95	0.882	0.772	0.684	0.501	0.967	0.772	0.545	0.856	0.543	0.65	0.55	0.967	0.34	0.899	0.317	0.772	1.0	0.545	0.983	0.022	0.908	0.899	0.882	0.746	0.772	0.065	0.063	0.857	0.578	0.772	0.931	0.252	0.929	0.384	0.992	0.772	0.95	0.929	0.252	0.998	0.252	0.68	0.772	0.882	0.747	0.772	0.772	0.772	0.882	0.962	0.252	0.065	0.065	0.986	0.929	0.065	0.882	0.772	0.168	0.252	0.684	0.772	0.515	0.136	0.746	0.621	0.445	0.875	0.621	0.49	0.81	0.786	0.772	0.772	0.962	0.929	0.545	0.931	0.063	0.882	0.929	0.81	0.684	0.931	0.684	0.317	0.772	0.882	0.684	0.065	0.747	0.882	0.772	0.966	0.882	0.252	0.896	0.747	0.882	0.882	0.882	0.065	0.772	0.772	0.065	0.772	0.252	0.252	0.168	0.882	0.772	0.931	0.929	0.882	0.772	0.772	0.065	0.772	0.772	0.772	0.772	0.545	0.772	0.545	0.986	0.882	0.252	0.882	0.065	0.929	0.684	0.384	0.772	0.772	0.983	0.772	0.929	0.252	0.772	0.929	0.882	0.772	0.252	0.882	0.962	0.929	0.962	0.772	0.962	0.01	0.882	1.0	0.063	0.317	0.772	0.962	0.983	0.772	0.684	0.772	0.252	0.772	0.882	0.882	0.252	0.065	0.384	0.772	0.929	0.772	0.882	0.065	0.252	0.882	0.772	0.772	0.772	0.063	0.882	0.772	0.882	0.882	0.772	0.772	0.772	0.882	0.772	0.772	0.772	0.772	0.962	0.772	0.252	0.772	0.772	0.882	0.772	0.772	0.929	0.772	0.772	0.882	0.772	0.882	0.772	0.772	0.772	0.772	0.065	0.772	0.252	0.772	0.882	0.772	0.772	0.772	0.772	0.772	0.772	0.772	0.252	0.065	0.772	0.772	0.772	0.772	0.772	0.252	0.772	0.065	0.772	0.065	0.772	0.772	0.772	0.772	0.065	0.772	0.772	0.772	0.772	0.772	0.772	0.772	0.772
0.693	0.836	0.757	0.939	0.945	0.993	0.676	0.962	0.929	0.98	0.561	0.582	0.644	0.967	0.559	0.0	0.561	0.989	0.638	0.972	0.968	0.614	0.984	0.964	0.764	0.979	0.894	1.0	0.614	0.757	0.839	0.964	0.939	0.975	0.557	0.84	0.757	0.939	0.967	0.387	0.757	0.926	0.894	0.929	0.984	0.981	0.931	0.472	0.945	0.938	0.757	0.284	0.926	0.525	0.84	0.519	0.945	0.84	0.557	0.757	0.048	0.317	1.0	0.991	0.757	0.615	0.84	0.317	0.9	0.951	0.757	0.851	0.9	0.84	0.806	0.939	0.975	0.757	0.84	0.938	0.757	0.757	0.757	0.84	0.452	0.525	0.757	0.757	0.646	0.317	0.757	0.84	0.757	0.452	0.525	0.939	0.757	0.723	0.723	0.851	0.319	0.838	0.991	0.964	0.995	0.646	0.723	0.048	0.757	0.926	0.317	0.452	0.938	0.9	0.84	0.9	0.646	0.525	0.938	0.939	0.938	0.757	0.84	0.939	0.757	0.938	0.84	0.757	0.614	0.84	0.84	0.806	0.615	0.84	0.84	0.178	0.757	0.757	0.048	0.757	0.757	0.84	0.114	0.452	0.84	0.757	0.938	0.317	0.84	0.757	0.757	0.757	0.757	0.048	0.048	0.757	0.452	0.757	0.926	0.646	0.84	0.84	0.84	0.757	0.9	0.939	0.317	0.757	0.757	0.525	0.757	0.9	0.84	0.757	0.317	0.178	0.757	0.84	0.84	0.926	0.9	0.926	0.757	0.926	0.926	0.84	0.885	0.9	0.938	0.757	0.452	0.525	0.757	0.525	0.757	0.84	0.757	0.84	0.84	0.84	0.757	0.317	0.757	0.9	0.048	0.178	0.757	0.84	0.84	0.757	0.757	0.048	0.9	0.178	0.757	0.84	0.84	0.048	0.757	0.757	0.84	0.757	0.757	0.757	0.757	0.452	0.757	0.178	0.757	0.757	0.84	0.757	0.757	0.317	0.757	0.048	0.84	0.757	0.84	0.757	0.757	0.757	0.048	0.757	0.757	0.84	0.757	0.84	0.757	0.757	0.757	0.757	0.757	0.757	0.757	0.84	0.757	0.757	0.757	0.757	0.757	0.757	0.84	0.757	0.757	0.048	0.757	0.048	0.757	0.757	0.757	0.757	0.757	0.757	0.757	0.757	0.757	0.757	0.757	0.048
0.977	0.886	0.076	0.926	0.193	0.732	0.807	0.71	0.584	0.75	0.46	0.75	0.632	0.886	0.703	0.561	0.0	0.824	0.428	0.742	0.408	0.171	0.275	0.969	0.603	0.381	0.91	0.757	0.348	0.076	0.72	0.465	0.112	0.81	0.911	0.916	0.797	0.979	0.968	0.22	0.797	0.99	0.617	0.925	0.9	0.046	0.881	0.136	0.98	0.529	0.797	0.983	0.676	0.979	0.325	0.975	0.572	0.916	0.177	0.076	0.797	0.572	0.881	0.014	0.797	0.529	0.325	0.939	0.112	0.9	0.797	0.177	0.939	0.325	0.64	0.445	1.0	0.797	0.916	0.853	0.797	0.797	0.797	0.916	0.676	0.445	0.076	0.797	0.993	0.939	0.076	0.916	0.076	0.265	0.112	0.832	0.797	0.553	0.75	0.718	0.969	0.981	0.52	0.89	0.301	0.32	0.965	0.797	0.797	0.035	0.112	0.99	0.853	0.112	0.916	0.572	0.993	0.832	0.529	0.445	0.853	0.076	0.916	0.832	0.797	0.853	0.916	0.797	0.348	0.325	0.916	0.64	0.853	0.916	0.916	0.325	0.797	0.797	0.076	0.076	0.797	0.325	0.445	0.99	0.916	0.797	0.99	0.572	0.916	0.797	0.797	0.076	0.076	0.797	0.797	0.797	0.035	0.076	0.265	0.917	0.325	0.325	0.325	0.797	0.572	0.832	0.112	0.797	0.797	0.832	0.797	0.112	0.325	0.797	0.572	0.325	0.076	0.325	0.916	0.99	0.572	0.676	0.076	0.99	0.676	0.325	0.945	0.939	0.99	0.797	0.676	0.445	0.797	0.832	0.797	0.325	0.797	0.325	0.916	0.325	0.797	0.572	0.797	0.572	0.076	0.916	0.797	0.325	0.916	0.797	0.076	0.797	0.112	0.916	0.076	0.916	0.017	0.797	0.797	0.797	0.916	0.797	0.797	0.797	0.076	0.265	0.797	0.916	0.797	0.797	0.325	0.797	0.797	0.572	0.797	0.797	0.916	0.797	0.916	0.797	0.797	0.797	0.797	0.797	0.797	0.017	0.797	0.325	0.797	0.797	0.797	0.797	0.797	0.797	0.797	0.916	0.076	0.797	0.076	0.076	0.797	0.797	0.325	0.797	0.797	0.076	0.076	0.797	0.797	0.797	0.797	0.797	0.797	0.076	0.797	0.797	0.797	0.797	0.797	0.076
0.932	0.504	0.232	0.997	0.774	0.923	1.0	0.936	1.0	0.998	0.95	0.494	0.944	0.977	0.555	0.989	0.824	0.0	1.0	1.0	0.984	0.569	0.668	0.738	0.519	0.861	0.821	0.419	0.237	0.232	0.92	0.738	0.972	0.916	0.662	0.765	0.232	0.821	0.986	0.5	0.232	0.524	0.942	1.0	0.524	0.997	0.932	0.918	0.419	0.729	0.942	0.763	0.993	0.821	0.765	0.878	0.034	0.145	0.389	0.232	0.232	0.098	0.932	0.992	0.232	0.729	0.145	0.611	0.952	0.94	0.232	0.662	0.611	0.992	0.733	0.972	0.975	0.942	0.765	0.933	0.942	0.942	0.232	0.765	0.879	0.972	0.942	0.232	0.905	0.611	0.232	0.765	0.232	0.879	0.437	0.972	0.232	0.988	0.642	0.974	0.996	0.975	0.775	0.738	0.252	0.595	0.952	0.232	0.232	0.074	0.098	0.074	0.729	0.098	0.765	0.098	0.905	0.437	0.729	0.821	0.317	0.232	0.765	0.821	0.232	0.317	0.765	0.232	0.237	0.765	0.145	0.733	0.729	0.765	0.765	0.145	0.942	0.232	0.232	0.232	0.942	0.145	0.037	0.524	0.145	0.232	0.993	0.952	0.992	0.232	0.232	0.942	0.232	0.232	0.232	0.942	0.524	0.232	0.879	0.244	0.145	0.765	0.765	0.232	0.611	0.821	0.098	0.942	0.942	0.437	0.232	0.098	0.992	0.942	0.098	0.145	0.232	0.145	0.765	0.879	0.098	0.993	0.232	1.0	0.879	0.765	0.874	0.098	0.933	0.232	0.879	0.821	0.942	0.037	0.942	0.145	0.232	0.765	0.765	0.992	0.232	0.098	0.232	0.098	0.232	0.765	0.232	0.765	0.765	0.232	0.232	0.232	0.611	0.145	0.232	0.765	0.765	0.232	0.232	0.232	0.765	0.232	0.942	0.232	0.232	0.074	0.942	0.145	0.942	0.942	0.145	0.942	0.232	0.098	0.232	0.232	0.145	0.232	0.765	0.232	0.232	0.232	0.232	0.232	0.942	0.765	0.232	0.765	0.942	0.232	0.232	0.942	0.942	0.232	0.232	0.145	0.232	0.232	0.232	0.232	0.942	0.942	0.145	0.942	0.942	0.232	0.232	0.232	0.942	0.942	0.232	0.232	0.232	0.232	0.232	0.232	0.232	0.232	0.942	0.232
0.738	0.861	0.139	0.75	0.879	0.9	0.999	0.911	0.979	0.615	0.644	0.615	0.791	0.824	0.937	0.638	0.428	1.0	0.0	0.902	0.954	0.823	0.62	0.49	0.424	0.482	0.703	0.788	0.937	0.139	0.986	0.728	0.929	0.996	0.336	0.507	0.139	0.687	0.898	0.887	0.139	0.865	0.937	0.951	0.493	0.991	0.738	0.908	0.954	0.21	0.874	0.789	0.865	0.929	0.507	0.687	0.206	0.951	0.336	0.874	0.139	0.272	0.994	0.977	0.874	0.802	0.044	0.734	0.734	0.709	0.874	0.643	0.272	0.951	0.519	0.687	0.972	0.874	0.507	0.99	0.874	0.874	0.139	0.507	0.865	0.929	0.874	0.874	0.865	0.734	0.139	0.951	0.139	0.865	0.317	0.687	0.139	0.997	0.914	0.864	0.955	0.972	0.872	0.876	0.494	0.865	0.914	0.874	0.874	0.111	0.734	0.505	0.522	0.272	0.507	0.734	0.865	0.929	0.522	0.687	0.025	0.874	0.507	0.929	0.139	0.522	0.951	0.139	0.823	0.507	0.507	0.519	0.802	0.951	0.044	0.507	0.139	0.874	0.874	0.874	0.139	0.044	0.687	0.111	0.044	0.874	0.802	0.734	0.951	0.139	0.874	0.874	0.139	0.874	0.874	0.874	0.505	0.139	0.505	0.664	0.951	0.507	0.507	0.139	0.272	0.687	0.734	0.874	0.874	0.929	0.874	0.015	0.951	0.874	0.734	0.507	0.874	0.507	0.951	0.865	0.734	0.865	0.139	0.989	0.505	0.951	0.92	0.272	0.802	0.139	0.989	0.317	0.874	0.687	0.874	0.507	0.139	0.951	0.507	0.951	0.139	0.272	0.139	0.015	0.874	0.951	0.874	0.951	0.951	0.139	0.139	0.874	0.272	0.044	0.874	0.951	0.507	0.874	0.139	0.139	0.951	0.139	0.139	0.139	0.874	0.865	0.874	0.044	0.874	0.874	0.507	0.874	0.139	0.988	0.139	0.139	0.507	0.139	0.951	0.139	0.139	0.874	0.139	0.139	0.874	0.507	0.139	0.507	0.874	0.874	0.874	0.874	0.874	0.874	0.874	0.507	0.139	0.874	0.139	0.874	0.874	0.874	0.507	0.874	0.139	0.874	0.874	0.874	0.874	0.874	0.874	0.874	0.139	0.874	0.139	0.874	0.874	0.139	0.874	0.874
0.622	0.889	0.88	0.99	0.855	0.577	0.496	0.866	0.99	0.904	0.528	0.681	0.961	0.701	0.889	0.972	0.742	1.0	0.902	0.0	0.925	0.088	0.029	0.806	0.624	0.112	0.956	0.465	0.53	0.11	0.806	0.41	0.65	0.496	0.111	0.953	0.11	0.931	0.633	0.95	0.88	0.854	0.974	0.725	0.864	0.714	0.379	0.414	0.965	0.135	0.88	0.922	0.854	0.931	0.484	0.83	0.302	0.484	0.984	0.11	0.11	0.716	0.998	0.599	0.11	0.433	0.484	0.716	0.716	0.63	0.88	0.984	0.22	0.484	0.691	0.931	0.666	0.88	0.953	0.135	0.88	0.88	0.11	0.953	0.992	0.262	0.88	0.88	0.59	0.716	0.88	0.953	0.11	0.432	0.931	0.65	0.11	0.851	0.659	0.769	0.999	0.982	0.813	0.41	0.858	0.866	0.922	0.11	0.88	0.432	0.011	0.432	0.773	0.98	0.953	0.22	0.97	0.262	0.773	0.931	0.433	0.88	0.484	0.262	0.11	0.433	0.953	0.88	0.088	0.953	0.953	0.971	0.433	0.953	0.953	0.484	0.88	0.11	0.88	0.11	0.88	0.04	0.262	0.854	0.04	0.11	1.0	0.98	0.953	0.88	0.11	0.88	0.88	0.11	0.11	0.88	0.113	0.11	0.854	0.305	0.484	0.484	0.484	0.11	0.98	0.65	0.22	0.88	0.88	0.053	0.11	0.22	0.484	0.88	0.22	0.04	0.88	0.484	0.953	0.432	0.22	0.854	0.88	0.992	0.432	0.953	0.672	0.716	0.773	0.11	0.854	0.931	0.88	0.931	0.88	0.953	0.88	0.484	0.484	0.484	0.11	0.716	0.88	0.98	0.88	0.484	0.88	0.484	0.484	0.88	0.88	0.11	0.22	0.484	0.88	0.953	0.484	0.11	0.88	0.88	0.484	0.11	0.88	0.11	0.11	0.854	0.88	0.04	0.88	0.88	0.484	0.88	0.88	0.22	0.88	0.11	0.484	0.11	0.484	0.11	0.88	0.88	0.11	0.11	0.88	0.953	0.88	0.953	0.88	0.11	0.11	0.88	0.88	0.88	0.11	0.953	0.88	0.11	0.11	0.11	0.88	0.88	0.484	0.88	0.88	0.88	0.11	0.11	0.88	0.88	0.88	0.88	0.88	0.11	0.88	0.88	0.88	0.11	0.88	0.88
0.355	0.664	0.209	0.942	0.784	0.972	0.97	0.639	0.779	0.992	0.61	0.326	0.851	0.961	0.477	0.968	0.408	0.984	0.954	0.925	0.0	0.96	0.718	0.934	0.358	0.863	0.542	0.224	0.86	0.918	0.319	0.558	0.342	0.766	0.046	0.107	0.209	0.342	0.945	0.355	0.918	0.432	0.651	0.997	0.669	0.431	0.837	0.823	0.778	0.639	0.209	0.712	0.841	0.029	0.72	0.996	0.5	0.72	0.231	0.209	0.209	0.566	0.11	0.725	0.918	0.639	0.72	0.079	0.935	0.789	0.209	0.006	0.566	0.72	0.617	0.342	0.973	0.918	0.72	0.639	0.209	0.918	0.209	0.107	0.432	0.342	0.918	0.209	0.543	0.566	0.209	0.107	0.918	0.432	0.342	0.995	0.209	0.815	0.387	0.504	0.558	0.992	0.986	0.319	0.45	0.184	0.387	0.209	0.209	0.045	0.079	0.045	0.639	0.566	0.107	0.566	0.819	0.727	0.216	0.727	0.216	0.209	0.72	0.342	0.209	0.639	0.107	0.209	0.86	0.986	0.72	0.321	0.216	0.72	0.107	0.107	0.918	0.918	0.209	0.209	0.209	0.107	0.342	0.432	0.107	0.209	0.639	0.566	0.986	0.209	0.918	0.918	0.209	0.209	0.209	0.209	0.432	0.209	0.432	0.184	0.107	0.72	0.107	0.209	0.566	0.93	0.566	0.209	0.918	0.342	0.918	0.079	0.72	0.209	0.935	0.107	0.209	0.72	0.107	0.841	0.079	0.969	0.209	0.432	0.432	0.72	0.886	0.079	0.216	0.209	0.432	0.342	0.209	0.342	0.209	0.107	0.209	0.72	0.107	0.72	0.209	0.079	0.209	0.566	0.918	0.107	0.209	0.986	0.72	0.209	0.918	0.209	0.566	0.107	0.209	0.72	0.72	0.209	0.209	0.918	0.72	0.209	0.209	0.209	0.209	0.432	0.918	0.107	0.918	0.918	0.986	0.209	0.918	0.995	0.209	0.209	0.107	0.209	0.72	0.209	0.209	0.209	0.209	0.209	0.918	0.72	0.918	0.72	0.918	0.209	0.918	0.209	0.209	0.209	0.209	0.72	0.209	0.918	0.209	0.209	0.209	0.918	0.107	0.918	0.918	0.209	0.209	0.209	0.209	0.209	0.209	0.918	0.209	0.209	0.209	0.209	0.209	0.209	0.918	0.209
0.761	0.742	0.232	0.519	0.774	0.407	0.768	0.356	0.602	0.821	0.95	0.821	0.45	0.915	0.856	0.614	0.171	0.569	0.823	0.088	0.96	0.0	0.668	0.738	0.241	0.658	0.39	0.693	0.237	0.232	0.296	0.92	0.037	0.916	0.389	0.765	0.942	0.821	0.457	0.5	0.232	0.524	0.062	0.34	0.744	0.842	0.761	0.443	0.693	0.317	0.232	0.763	0.074	0.437	0.765	0.878	0.995	0.765	0.389	0.232	0.232	0.098	0.5	0.775	0.232	0.933	0.145	0.098	0.611	0.837	0.232	0.006	0.098	0.145	0.443	0.437	0.505	0.232	0.145	0.729	0.232	0.232	0.232	0.145	0.074	0.037	0.942	0.232	0.244	0.098	0.232	0.145	0.232	0.524	0.437	0.437	0.232	0.84	0.141	0.662	0.53	0.705	0.775	0.53	0.252	0.595	0.415	0.942	0.232	0.879	0.611	0.524	0.933	0.098	0.765	0.952	0.244	0.821	0.317	0.821	0.729	0.232	0.765	0.821	0.942	0.048	0.145	0.942	0.237	0.765	0.145	0.733	0.048	0.145	0.145	0.145	0.232	0.942	0.232	0.232	0.232	0.992	0.437	0.074	0.145	0.232	0.317	0.611	0.765	0.232	0.942	0.942	0.232	0.232	0.232	0.232	0.524	0.942	0.524	0.595	0.145	0.765	0.765	0.232	0.098	0.972	0.611	0.232	0.232	0.437	0.942	0.952	0.145	0.232	0.611	0.145	0.232	0.765	0.145	0.074	0.098	0.879	0.232	0.074	0.524	0.145	0.634	0.611	0.317	0.942	0.524	0.437	0.232	0.437	0.232	0.145	0.232	0.992	0.765	0.765	0.942	0.098	0.232	0.611	0.942	0.765	0.232	0.765	0.765	0.232	0.232	0.232	0.098	0.145	0.232	0.765	0.992	0.232	0.232	0.232	0.765	0.942	0.232	0.232	0.942	0.074	0.232	0.145	0.232	0.232	0.765	0.232	0.232	0.999	0.232	0.232	0.145	0.942	0.765	0.942	0.942	0.232	0.232	0.232	0.232	0.765	0.232	0.145	0.232	0.232	0.942	0.232	0.232	0.232	0.232	0.145	0.232	0.232	0.942	0.232	0.232	0.232	0.145	0.232	0.232	0.232	0.232	0.942	0.232	0.232	0.232	0.232	0.232	0.942	0.232	0.232	0.232	0.232	0.232	0.232
0.77	0.914	0.11	0.648	0.887	1.0	0.978	0.916	0.786	0.934	0.465	0.984	0.928	0.803	0.98	0.984	0.275	0.668	0.62	0.029	0.718	0.668	0.0	0.68	0.999	0.899	0.984	0.987	0.962	0.855	0.947	0.274	0.565	0.968	0.902	0.414	0.855	0.234	0.474	0.888	0.11	0.395	0.367	0.786	0.732	0.896	1.0	0.315	0.181	0.744	0.855	0.286	0.971	0.88	0.932	0.841	0.941	0.414	0.489	0.855	0.11	0.018	0.542	0.988	0.855	0.096	0.414	0.636	0.636	0.953	0.11	0.902	0.636	0.414	0.831	0.88	0.901	0.855	0.414	0.934	0.855	0.855	0.855	0.414	0.803	0.565	0.855	0.11	0.815	0.202	0.11	0.932	0.855	0.093	0.234	0.88	0.855	0.151	0.716	0.987	0.274	0.534	0.988	0.538	0.554	0.538	0.151	0.11	0.855	0.803	0.636	0.093	0.366	0.202	0.414	0.636	0.538	0.88	0.744	0.88	0.366	0.855	0.932	0.565	0.11	0.744	0.414	0.11	0.881	0.932	0.045	0.611	0.366	0.932	0.932	0.414	0.11	0.855	0.855	0.11	0.855	0.414	0.565	0.395	0.932	0.855	0.744	0.636	0.932	0.11	0.855	0.855	0.855	0.11	0.11	0.855	0.395	0.855	0.395	0.966	0.932	0.414	0.932	0.855	0.636	0.88	0.202	0.855	0.11	0.88	0.855	0.636	0.414	0.855	0.636	0.414	0.855	0.414	0.045	0.803	0.636	0.803	0.855	0.803	0.971	0.414	0.926	0.018	0.366	0.855	0.395	0.234	0.855	0.565	0.855	0.414	0.855	0.932	0.932	0.414	0.11	0.636	0.11	0.202	0.11	0.414	0.11	0.932	0.932	0.11	0.855	0.11	0.202	0.414	0.855	0.414	0.414	0.11	0.855	0.11	0.932	0.855	0.855	0.855	0.855	0.803	0.855	0.414	0.855	0.11	0.932	0.11	0.11	0.636	0.11	0.855	0.414	0.855	0.932	0.855	0.11	0.855	0.855	0.855	0.855	0.045	0.11	0.414	0.11	0.855	0.855	0.855	0.11	0.855	0.855	0.045	0.11	0.855	0.855	0.855	0.855	0.855	0.414	0.855	0.11	0.855	0.11	0.11	0.855	0.855	0.855	0.11	0.11	0.855	0.11	0.855	0.855	0.855	0.855	0.855
0.895	0.302	0.2	0.916	0.094	0.974	0.623	0.99	0.929	0.718	0.72	0.718	0.902	1.0	0.858	0.964	0.969	0.738	0.49	0.806	0.934	0.738	0.68	0.0	0.647	0.928	0.605	0.653	0.53	0.2	0.202	0.965	0.265	0.815	0.436	0.678	0.928	0.265	0.982	0.005	0.2	0.968	0.53	0.987	0.997	0.362	0.706	0.0	0.653	0.016	0.2	0.895	0.376	0.265	0.098	0.736	0.954	0.678	0.974	0.2	0.2	0.898	0.453	0.27	0.928	0.198	0.678	0.898	0.055	0.686	0.2	0.871	0.055	0.098	0.533	0.672	0.998	0.2	0.098	0.86	0.928	0.2	0.2	0.098	0.376	0.265	0.2	0.2	0.955	0.49	0.2	0.989	0.2	0.042	0.265	0.927	0.2	0.44	0.717	0.871	0.849	0.905	0.27	0.639	0.133	0.774	0.717	0.2	0.2	0.831	0.055	0.042	0.582	0.49	0.989	0.898	0.955	0.927	0.582	0.265	0.86	0.2	0.989	0.927	0.2	0.582	0.989	0.928	0.296	0.678	0.678	0.781	0.582	0.098	0.678	0.678	0.928	0.928	0.2	0.2	0.928	0.098	0.265	0.831	0.098	0.928	0.582	0.49	0.098	0.928	0.928	0.2	0.928	0.2	0.2	0.2	0.376	0.2	0.376	0.774	0.678	0.678	0.678	0.928	0.49	0.672	0.49	0.928	0.2	0.672	0.928	0.49	0.098	0.2	0.898	0.098	0.2	0.678	0.678	0.831	0.055	0.968	0.928	0.376	0.376	0.098	0.953	0.49	0.582	0.928	0.042	0.927	0.2	0.672	0.2	0.678	0.2	0.098	0.678	0.098	0.2	0.49	0.928	0.898	0.2	0.098	0.2	0.678	0.989	0.928	0.928	0.2	0.49	0.678	0.2	0.098	0.678	0.2	0.2	0.2	0.678	0.928	0.928	0.2	0.2	0.831	0.2	0.098	0.2	0.2	0.989	0.928	0.2	0.898	0.2	0.2	0.678	0.928	0.989	0.928	0.928	0.928	0.2	0.928	0.2	0.678	0.2	0.989	0.2	0.928	0.928	0.928	0.928	0.928	0.928	0.678	0.2	0.928	0.2	0.2	0.2	0.2	0.678	0.2	0.928	0.2	0.2	0.2	0.2	0.2	0.928	0.928	0.928	0.2	0.928	0.928	0.928	0.2	0.2	0.2
